84,52
84,51
84,50
84,49
84,48
84,47
84,46
84,45
84,44
84,43
84,42
84,41
84,40
84,39
84,38
84,37
84,36
84,35
0,273
0,270
10,300
10,236
10,254
10,98
10,242
10,142
10,304
10,176
10,2
10,3
11,4
11,23
9,7
9,4
9,1
9,6
9,2
9,3
8,17
8,14
8,11
8,12
79,5
79,4
79,3
79,2
79,1
79,0
76,5
76,4
76,3
76,2
76,1
76,0
73,4
73,3
73,2
73,1
73,0
70,3
70,2
70,1
70,0
69,4
69,3
69,2
69,1
69,0
68,4
68,3
68,2
68,1
68,0
67,3
67,2
67,1
67,0
20,3
20,2
20,1
19,3
19,2
19,1
12,3
12,2
12,1
11,30
11,27
11,25
11,24
11,22
18,1
11,20
18,3
11,19
11,17
11,16
14,1
11,15
14,3
13,1
11,13
13,3
11,12
11,11
11,10
11,9
11,8
11,7
11,6
11,5
11,3
11,2
11,1
10,311
10,303
10,291
